202
196
165
128
30
74
120
176
194
181
246
183
228
58
33
41
220
152
229
166
23
29
236
19
17
64
55
174
248
191
141
248
144
246
116
129
168
176
137
207
135
4
169
161
127
16
240
252
76
196
183
149
86
210
42
156
145
39
175
139
100
15
8
173
238
240
184
145
42
180
22
227
141
37
64
249
22
108
174
161
177
161
254
134
160
131
7
103
138
247
96
9
37
35
201
59
28
85
144
159
64
56
38
8
9
111
55
91
22
240
161
162
164
1
90
80
226
208
18
37
12
237
170
8
33
25
45
189
9
128
125
51
213
61
66
99
253
241
141
6
179
246
96
12
133
230
61
16
139
183
62
228
85
34
207
130
226
1
147
145
108
134
140
199
111
84
149
65
13
212
50
20
51
122
121
51
192
188
117
14
252
253
131
185
43
43
133
226
83
204
88
56
225
203
217
81
93
41
172
123
10
90
91
7
182
65
96
214
97
98
71
15
12
250
97
247
41
164
188
228
48
197
91
225
147
151
229
133
66
163
89
152
157
20
84
34
249
180
34
41
118
112
163
152
55
51
201
94
117
35
20
140
189
248
125
13
246
57
67
54
120
35
68
47
171
180
71
24
154
246
97
61
189
84
229
166
219
87
231
214
107
24
148
171
54
16
180
216
6
50
24
128
211
88
149
15
221
19
115
137
82
180
13
67
30
172
180
81
35
12
93
27
168
11
5
114
122
60
18
103
158
231
238
13
70
42
79
163
221
214
91
211
183
44
105
64
118
115
112
228
253
31
82
252
15
212
149
158
117
121
98
234
86
97
100
26
218
69
197
22
183
72
109
172
237
239
210
141
37
111
186
232
187
129
245
140
49
41
28
174
201
232
188
209
108
144
39
164
140
183
190
191
239
205
151
26
225
221
202
205
251
107
138
152
200
168
218
222
171
39
167
169
48
144
168
144
60
155
204
78
130
41
181
72
192
143
86
48
120
211
204
178
220
190
97
77
1
195
197
186
232
54
172
1
30
33
63
145
203
182
248
111
35
48
197
24
8
200
187
34
66
157
98
47
196
146
12
93
38
70
81
221
213
221
121
246
30
40
216
195
210
6
93
217
130
58
183
123
101
56
225
43
34
150
255
135
138
125
127
224
234
87
7
47
6
253
86
21
108
68
175
71
228
9
16
202
178
145
180
19
245
75
88
188
124
139
31
187
252
222
63
242
32
137
77
129
187
248
221
70
81
211
33
192
23
8
175
150
110
245
31
0
82
88
10
138
86
78
47
222
189
134
233
226
130
119
198
78
98
60
4
237
180
143
220
201
191
19
225
121
161
87
14
80
44
159
18
222
1
137
182
194
120
37
73
205
157
183
142
240
249
184
97
145
107
176
162
1
178
6
169
36
78
37
243
44
28
88
5
193
182
68
68
144
221
5
134
46
79
167
225
233
231
194
31
167
207
255
5
68
160
25
9
110
78
177
221
75
27
129
53
114
181
171
170
185
231
140
230
230
107
142
165
158
184
216
43
219
3
102
180
125
239
115
133
199
115
52
232
30
44
198
103
177
93
135
236
206
250
10
163
36
247
153
84
25
79
213
17
117
128
120
195
155
173
75
238
202
131
231
77
70
174
22
122
90
199
242
135
175
65
71
87
209
132
56
218
74
1
11
21
77
89
111
126
40
5
20
17
141
143
182
152
195
227
101
143
210
88
195
113
172
225
103
130
222
39
68
192
79
28
202
251
210
191
40
61
1
205
40
168
28
44
10
131
109
25
20
21
192
210
56
99
244
122
140
153
13
144
142
87
49
93
196
8
151
64
151
193
174
149
139
53
169
5
50
247
33
9
128
87
159
100
82
227
243
107
198
53
164
183
63
48
176
209
236
181
3
69
47
147
220
203
39
32
232
75
221
178
61
225
59
253
156
55
110
156
11
114
205
212
150
175
146
140
132
167
46
152
130
75
198
233
118
106
30
181
31
130
51
13
214
117
116
250
66
240
148
111
46
13
1
170
154
15
101
34
168
106
153
4
207
92
122
143
224
179
159
116
103
44
5
115
45
38
253
123
129
188
6
215
218
43
51
17
183
123
42
215
31
43
113
220
205
61
255
90
217
123
193
52
158
209
146
236
232
242
134
65
122
82
126
4
247
172
186
2
184
204
168
208
193
24
165
27
117
232
243
151
111
122
239
157
137
223
113
94
142
44
117
245
166
108
175
67
20
49
80
45
30
79
29
109
128
253
51
143
75
179
167
5
168
48
89
119
167
240
2
230
193
110
242
239
199
75
117
45
134
175
53
34
247
167
51
177
185
56
245
79
238
187
221
213
55
215
233
77
55
231
11
223
183
37
147
246
47
173
71
19
232
86
30
13
46
202
82
127
252
146
84
99
54
18
7
46
229
221
76
233
237
105
221
7
124
95
58
108
213
194
93
54
126
74
109
138
198
152
198
73
219
142
102
28
96
28
122
175
14
109
119
26
215
54
160
78
106
55
143
124
187
163
14
64
244
155
50
14
142
151
70
160
55
155
242
166
208
182
21
132
196
135
67
95
248
223
46
202
107
113
181
176
39
192
238
133
0
24
113
100
188
62
78
40
144
188
230
85
221
149
241
113
20
37
132
216
12
90
14
73
119
201
150
131
43
206
26
135
108
100
56
188
0
112
209
114
214
26
168
22
57
94
115
108
231
230
52
24
8
236
2
18
216
104
99
108
0
176
74
63
244
228
248
217
136
128
199
56
56
254
220
169
92
4
113
58
14
211
36
67
188
250
178
69
166
11
189
208
173
226
14
172
143
236
169
196
112
101
24
133
122
193
14
255
141
217
182
144
224
164
174
6
54
49
239
96
17
81
252
122
138
218
209
37
151
195
58
165
39
120
84
61
68
32
195
89
242
229
149
52
8
24
254
225
76
137
16
107
220
191
49
251
6
233
12
243
80
241
196
37
70
96
210
136
247
134
121
149
57
244
232
176
234
221
90
74
216
173
229
74
171
230
61
133
72
31
52
176
79
91
11
233
84
145
157
166
132
187
9
52
77
225
11
250
47
126
244
34
41
56
197
174
130
66
165
187
29
159
232
229
71
170
198
166
253
235
192
167
195
130
251
146
155
166
81
175
235
229
201
254
32
82
54
51
12
57
125
244
185
251
203
118
179
126
48
65
59
244
106
137
197
170
55
212
110
154
114
75
240
226
8
200
132
46
172
30
40
213
7
115
198
12
162
76
224
244
99
139
238
52
106
56
180
3
167
13
214
127
116
231
178
70
124
51
1
219
228
66
43
158
121
23
71
191
38
198
221
243
249
18
105
40
131
244
163
199
70
21
165
185
135
252
91
11
137
134
92
254
81
135
112
41
106
252
202
104
18
114
198
200
124
130
104
85
28
159
242
236
12
153
244
84
92
177
116
1
40
55
82
223
46
155
156
211
104
146
109
13
229
135
246
143
25
33
2
249
198
109
161
227
75
216
201
58
127
35
185
148
118
230
182
90
155
66
48
36
58
173
50
49
227
163
149
233
28
219
0
215
31
121
48
74
246
159
58
45
25
59
137
18
66
26
45
41
93
210
210
104
73
6
37
152
202
88
8
127
189
103
48
158
137
192
125
255
78
244
179
251
182
134
116
8
44
107
42
11
181
77
220
237
174
173
211
140
197
235
197
212
171
252
34
117
60
0
31
47
116
249
195
113
133
146
112
43
200
108
148
75
204
166
170
110
115
254
145
32
15
240
6
223
231
34
216
27
51
0
201
196
110
124
250
137
139
79
45
70
75
246
157
34
63
166
42
52
115
121
22
229
223
19
219
247
104
17
231
40
112
179
39
203
15
204
93
85
79
247
6
191
69
69
80
118
59
248
45
89
103
29
228
175
249
188
32
136
3
41
138
235
25
208
193
62
68
49
232
43
135
247
28
33
220
102
72
115
185
222
248
190
160
176
4
197
136
228
212
27
35
255
35
101
239
62
92
197
83
167
162
136
53
103
8
58
28
133
26
139
82
0
152
45
223
130
143
24
170
191
79
34
194
127
179
225
155
239
95
214
125
68
189
51
195
119
180
64
191
127
247
69
44
241
115
41
230
32
143
245
54
161
216
27
51
157
187
167
92
159
181
212
138
218
80
32
146
113
210
135
17
91
245
117
120
198
161
231
31
124
168
178
58
176
34
118
48
39
20
80
129
247
179
138
191
75
30
136
138
182
121
67
79
9
144
74
26
97
125
250
255
16
28
218
182
207
35
209
177
32
52
51
72
146
128
155
189
19
233
201
27
66
91
210
18
4
214
188
215
217
0
39
132
110
150
86
9
92
208
252
14
56
108
113
146
108
121
99
200
132
220
118
62
57
36
31
73
56
206
212
171
138
85
230
97
204
79
17
160
43
55
75
235
211
136
28
237
51
27
188
247
59
134
48
232
244
116
133
57
209
130
88
172
70
52
22
85
254
252
157
83
67
128
180
105
44
113
2
121
255
238
54
206
73
226
182
125
20
255
197
252
75
74
73
19
54
122
86
40
110
20
78
8
236
72
58
35
7
53
138
41
233
235
57
192
142
245
179
181
30
72
141
28
105
182
202
210
207
134
147
211
128
226
91
3
118
224
44
116
121
1
53
217
20
233
150
30
207
120
197
130
21
131
0
166
115
187
218
71
125
211
57
78
239
234
118
118
72
237
164
131
73
147
61
189
139
141
6
229
249
21
74
104
163
23
218
81
79
131
113
142
100
84
155
139
160
31
97
201
186
234
221
158
97
147
204
174
143
48
17
0
33
185
101
208
56
57
149
38
242
118
119
226
211
21
3
23
105
106
2
25
43
9
212
85
213
100
85
199
199
83
233
111
179
110
186
213
194
55
33
56
160
243
27
157
214
150
241
228
77
3
116
113
228
248
179
235
4
231
134
231
212
12
169
212
90
79
116
13
84
212
167
223
131
52
4
84
103
108
1
192
172
24
149
59
59
2
141
126
72
167
87
128
204
245
140
235
26
9
252
194
101
82
219
1
27
237
225
128
211
162
8
239
232
69
144
111
123
19
227
141
185
254
188
70
22
33
137
113
33
108
245
47
8
146
87
225
250
18
209
79
180
91
216
115
2
101
225
244
22
36
122
51
146
169
110
54
47
138
222
231
205
143
240
44
174
225
137
248
97
85
52
5
28
52
47
122
169
40
96
189
148
124
251
188
153
72
80
117
213
135
7
202
101
5
95
218
238
218
166
84
40
211
75
116
93
232
87
117
63
1
189
33
208
90
225
245
45
89
247
138
19
190
166
176
9
161
69
201
203
240
52
9
124
111
60
22
251
181
243
93
80
231
1
232
244
127
52
207
90
24
201
107
176
27
212
203
87
77
39
10
10
25
149
28
253
99
243
58
65
1
121
151
8
96
136
150
183
21
146
198
142
217
63
237
143
70
96
88
66
114
172
207
1
23
45
138
159
127
99
200
250
192
210
12
14
98
250
104
109
126
2
145
92
83
190
1
99
24
123
120
165
110
144
240
118
226
136
197
239
153
151
34
210
30
180
228
99
133
193
147
76
125
24
161
215
82
144
89
87
153
84
241
0
160
64
247
252
185
19
70
40
175
50
160
219
231
28
105
174
4
123
51
129
67
229
222
1
104
122
211
17
240
25
82
247
130
187
29
85
76
228
167
154
58
192
29
178
47
127
151
127
15
234
121
133
224
47
54
205
4
111
81
162
230
240
15
250
82
52
194
95
136
12
192
234
49
100
37
209
189
33
208
5
241
221
145
60
140
125
118
61
126
224
90
209
91
84
243
170
209
236
226
0
141
244
83
165
60
109
58
129
186
29
66
190
130
160
189
79
93
109
224
10
151
39
28
83
72
98
138
111
142
198
251
149
58
78
192
168
156
57
173
244
25
152
106
152
110
91
48
88
214
216
27
108
230
145
71
107
181
151
238
199
71
32
246
116
222
10
58
225
67
6
149
253
72
163
73
6
205
252
29
71
215
61
220
111
180
136
62
95
63
113
123
197
215
99
127
221
142
222
23
222
150
15
98
250
157
72
190
141
139
18
124
152
115
5
228
99
209
82
35
103
144
138
243
70
52
212
91
6
148
220
147
180
106
146
128
84
8
70
137
69
29
47
19
193
32
8
194
218
208
244
58
114
101
149
128
97
4
29
60
154
137
143
172
192
175
50
152
47
126
245
125
208
15
61
45
109
208
230
218
195
62
176
41
83
138
206
44
131
63
23
129
77
131
42
131
181
68
45
238
188
179
224
79
66
221
93
141
255
102
170
62
22
65
158
138
218
98
82
56
198
94
81
124
229
242
68
193
131
136
248
81
171
135
131
154
132
160
179
31
207
10
62
203
145
47
230
97
72
102
239
224
251
165
211
169
85
149
157
138
147
24
184
38
76
185
189
132
165
10
190
219
183
230
35
10
17
145
18
222
174
40
208
7
234
244
155
99
88
19
116
122
218
53
17
14
202
97
102
145
169
49
164
103
94
184
5
102
0
25
2
0
178
95
165
79
71
178
94
140
13
179
232
38
56
108
216
166
18
161
160
29
68
181
250
234
206
213
137
33
79
14
250
147
50
100
179
20
216
62
253
182
32
182
232
170
188
220
31
218
224
28
70
254
14
169
148
164
198
251
250
148
143
155
75
0
87
192
76
215
89
125
67
61
244
215
44
191
43
192
33
88
106
176
18
208
173
213
197
179
91
148
55
61
154
159
33
120
129
52
58
138
136
239
81
225
78
98
191
216
106
154
137
151
55
239
235
107
116
203
159
151
88
204
114
13
84
104
229
255
162
189
151
80
245
222
84
81
12
117
149
204
52
152
147
248
151
212
228
0
242
72
187
241
227
22
63
139
251
214
190
195
117
35
144
25
250
20
243
55
96
220
173
134
172
165
146
134
64
68
100
96
255
103
238
244
235
136
106
50
147
129
182
89
35
130
146
177
111
173
245
60
8
18
63
61
62
180
74
195
150
196
255
237
180
39
132
23
216
153
30
165
230
63
242
78
201
89
107
179
146
110
176
123
23
226
124
188
89
173
174
26
14
251
117
179
225
192
121
122
254
195
216
37
146
166
141
137
94
145
212
235
162
57
168
253
185
38
84
37
125
155
118
99
61
107
104
41
111
74
40
131
91
137
168
204
181
246
145
23
136
20
229
147
178
9
244
160
130
45
208
207
27
127
23
0
10
243
56
26
65
53
2
65
20
83
61
33
168
2
136
191
205
83
253
13
47
4
220
254
192
58
113
158
208
91
145
26
136
140
142
64
2
19
180
241
58
184
62
93
84
119
42
250
175
95
145
117
153
26
52
207
80
172
37
107
110
233
162
108
238
205
17
249
107
47
86
85
85
158
118
19
150
37
179
192
40
241
109
164
247
188
249
58
125
67
66
245
98
136
209
49
58
168
206
177
128
123
18
48
47
197
63
138
59
176
70
173
20
6
219
28
122
24
160
173
94
4
19
216
230
216
214
165
249
243
204
115
59
72
198
135
108
42
205
114
21
51
247
2
240
105
62
89
214
118
175
159
61
68
107
17
144
131
224
162
174
37
67
26
54
89
40
23
95
207
181
85
156
87
241
252
144
206
153
16
215
21
11
220
132
78
207
133
177
190
61
210
104
225
15
187
195
184
229
130
169
104
75
87
173
86
55
7
47
229
125
211
159
40
130
181
169
44
161
25
12
248
209
3
241
182
199
168
250
238
56
185
26
97
73
195
216
119
128
70
102
236
235
159
35
90
28
193
168
20
232
206
93
52
253
6
45
169
1
165
60
252
136
30
91
200
71
214
199
112
185
250
137
79
162
214
86
101
152
129
119
241
17
98
62
162
83
182
22
252
68
198
178
175
121
218
217
160
119
92
52
69
148
58
232
184
83
29
146
64
186
138
11
145
78
6
216
218
174
140
229
184
46
115
48
194
1
245
118
3
59
147
254
14
202
140
121
45
77
166
172
84
197
167
88
242
253
145
236
80
41
83
213
115
56
19
36
80
247
159
127
186
251
217
201
52
97
209
95
166
12
100
65
75
187
110
219
47
146
193
180
122
108
115
19
223
184
232
227
22
157
56
107
167
209
159
183
155
165
14
224
175
59
164
187
235
217
212
40
147
161
6
22
34
222
84
87
147
129
139
254
13
173
138
216
150
130
40
185
66
48
139
53
124
163
148
134
132
204
53
253
68
99
86
172
108
46
91
146
153
187
152
255
200
94
195
79
236
57
143
240
208
151
208
200
12
130
47
255
108
44
92
92
27
83
133
33
15
187
1
86
58
99
253
35
51
231
166
85
190
159
153
164
145
42
240
87
198
212
21
146
19
166
250
35
17
84
173
101
56
91
129
80
142
249
119
130
22
255
113
51
190
180
208
84
105
98
187
111
23
7
199
148
29
111
34
178
214
227
29
52
166
251
159
115
77
216
183
52
239
221
1
17
146
250
95
88
51
89
66
225
145
159
213
75
26
115
49
19
1
219
72
114
116
159
11
68
93
194
172
229
155
45
175
201
9
108
69
146
20
233
48
137
16
62
105
176
67
182
187
34
108
62
80
223
17
63
217
201
165
18
122
96
82
141
95
11
178
194
67
197
63
236
132
4
91
164
201
101
207
130
233
64
37
147
133
154
237
1
148
164
161
29
155
140
116
1
82
62
78
129
28
235
167
13
32
203
196
25
51
94
89
197
211
9
136
78
125
254
85
74
109
200
49
70
167
104
162
223
42
169
175
92
157
51
37
193
176
44
79
189
174
193
212
50
83
144
246
191
43
85
3
55
250
95
53
50
63
109
175
197
171
95
106
91
233
8
144
215
108
178
216
77
64
121
145
159
208
157
176
27
135
218
216
236
26
75
93
185
176
241
221
253
174
115
248
87
144
178
62
39
52
105
183
210
9
3
215
29
132
115
79
5
51
150
80
61
103
211
192
243
177
251
240
235
218
242
170
61
248
12
134
221
128
138
104
192
205
232
137
81
184
153
100
46
188
142
32
63
202
241
184
4
205
11
137
241
135
24
10
158
126
206
158
227
177
19
181
249
102
115
100
135
123
43
175
120
205
202
136
42
160
196
116
5
252
88
96
78
102
91
22
18
238
235
126
230
47
180
219
75
152
25
69
3
83
45
127
48
0
171
214
28
0
176
218
163
226
0
189
131
88
169
221
228
192
132
39
120
242
181
56
204
218
21
7
15
99
99
179
209
169
29
154
65
145
147
26
234
48
182
212
172
9
120
255
133
154
246
222
208
208
46
245
175
124
189
109
67
145
46
212